000046,00000022,1
000001,00000018,5
000032,00000027,5
000039,00000031,4
000025,00000032,5
000012,00000031,4
000045,00000008,1
000058,00000009,2
000001,00000019,4
000060,00000014,1
000056,00000004,3
000081,00000009,2
000031,00000004,5
000034,00000013,1
000062,00000043,5
000025,00000014,5
000006,00000012,2
000035,00000030,2
000044,00000017,5
000014,00000011,1
000040,00000025,4
000076,00000018,3
000022,00000019,5
000220,00000032,2
000047,00000019,4
000032,00000028,4
000040,00000026,3
000006,00000001,3
000025,00000043,5
000060,00000018,3
000087,00000015,2
000280,00000013,4
000007,00000026,3
000051,00000004,2
000019,00000001,2
000030,00000025,4
000280,00000006,1
000063,00000012,4
000077,00000018,4
000001,00000042,2
000029,00000007,3
000260,00000043,3
000011,00000007,4
000042,00000038,3
000065,00000032,5
000077,00000020,3
000067,00000006,5
000018,00000025,5
000020,00000003,4
000070,00000034,3
000030,00000014,2
000015,00000009,3
000081,00000031,4
000026,00000034,3
000032,00000006,1
000048,00000036,1
000031,00000042,5
000120,00000013,3
000035,00000039,5
000022,00000014,4
000051,00000038,2
000016,00000023,1
000066,00000011,2
000085,00000032,3
000010,00000025,3
000024,00000018,5
000045,00000009,3
000021,00000003,5
000072,00000033,3
000017,00000021,5
000006,00000008,1
000011,00000028,3
000021,00000034,4
000017,00000010,2
000071,00000005,2
000027,00000014,5
000071,00000007,3
000026,00000004,4
000052,00000037,1
000018,00000039,2
000048,00000014,2
000043,00000027,2
000300,00000016,1
000004,00000045,4
000046,00000009,4
000014,00000024,4
000045,00000001,1
000050,00000010,3
